Carton1 8 14 15 22 27 35 40 41 45 51 64 65 72 77 82
Carton2 1 2 8 13 14 29 32 41 43 47 60 61 65 74 84
Carton3 10 18 29 36 40 47 54 60 65 69 71 80 81 82 90
Carton4 10 17 22 24 29 31 35 36 47 55 57 68 77 81 85
Carton5 7 17 19 22 34 36 38 46 49 53 57 69 70 80 81
Carton6 5 8 18 22 36 45 49 58 59 60 70 71 72 80 85
Carton7 9 13 30 39 49 56 57 58 64 68 77 78 84 87 88
Carton8 2 5 16 19 22 32 41 48 53 64 65 73 77 78 83
Carton9 3 7 14 30 33 37 39 47 50 51 59 63 71 82 88
Carton10 4 11 14 26 32 36 45 48 53 66 70 75 82 87 89
Carton11 3 12 16 23 31 43 49 56 59 62 63 76 78 82 85
Carton12 2 6 13 14 25 31 41 43 51 66 69 74 81 82 85
Carton13 7 8 17 25 36 44 50 52 53 58 64 76 79 89 90
Carton14 8 12 14 19 25 27 31 36 47 55 58 66 78 89 90
Carton15 5 15 21 27 31 35 37 43 50 53 64 65 68 78 86
Carton16 1 3 5 16 19 24 27 39 42 44 57 69 75 84 87
Carton17 1 7 16 23 28 34 42 56 62 63 72 73 83 85 89
Carton18 5 12 18 23 26 36 40 45 46 49 59 65 76 82 89
Carton19 4 11 13 28 33 39 40 50 59 65 73 76 80 83 88
Carton20 3 6 10 16 27 28 36 40 44 55 56 64 67 80 88
Carton21 10 12 17 24 25 29 35 39 48 52 66 80 82 84 86
Carton22 5 9 15 19 21 22 28 34 42 44 57 60 68 74 90
Carton23 6 14 17 29 30 35 36 45 48 60 69 79 80 82 89
Carton24 6 12 26 32 41 42 53 58 66 68 72 74 77 80 84
Carton25 8 17 27 30 35 43 44 45 46 49 59 61 68 77 90
Carton26 2 4 14 21 27 28 30 34 44 58 60 61 76 80 82
Carton27 1 6 18 22 32 36 44 46 55 56 61 68 70 71 88
Carton28 5 20 25 31 34 45 53 55 66 67 70 76 80 85 90
Carton29 2 6 16 24 29 34 45 46 54 60 62 72 77 80 83
Carton30 2 3 8 14 16 28 36 37 41 49 58 66 74 77 81
Carton31 9 13 17 27 36 40 45 49 52 60 63 66 72 84 90
Carton32 1 12 22 23 28 36 40 43 52 54 65 74 76 84 90
Carton33 4 12 14 25 30 38 39 40 41 51 62 67 72 84 85
Carton34 10 11 17 19 24 27 40 41 42 52 60 63 65 79 88
Carton35 6 13 17 21 28 37 38 41 42 54 59 69 73 76 89
Carton36 2 11 17 22 33 39 47 55 59 63 67 69 71 78 90
Carton37 1 15 17 18 28 39 41 43 46 59 63 65 80 89 90
Carton38 4 8 10 17 18 27 36 42 45 56 69 73 82 83 87
Carton39 8 11 14 15 27 32 45 50 57 59 60 70 77 84 85
Carton40 2 8 16 17 21 27 33 48 51 57 58 70 74 89 90
Carton41 4 11 14 23 35 46 49 56 60 61 64 76 77 81 90
Carton42 2 17 23 25 29 32 34 44 49 52 64 71 76 79 87
Carton43 4 8 12 25 38 39 45 46 56 63 68 73 78 82 89
Carton44 6 7 10 17 30 32 35 48 52 56 65 71 72 78 87
Carton45 4 5 10 15 27 34 50 51 56 62 75 76 79 81 88
Carton46 3 20 23 30 32 34 39 45 47 55 56 70 79 81 87
Carton47 2 16 20 21 22 31 32 38 41 44 55 62 73 80 90
Carton48 3 16 20 23 33 37 41 44 46 55 57 64 69 76 82
Carton49 3 5 11 18 20 22 25 26 32 44 59 66 72 80 90
Carton50 4 6 19 20 21 29 30 37 41 54 67 80 85 86 89
Carton51 1 9 11 18 22 36 45 53 54 60 61 63 79 87 90
Carton52 4 20 30 33 49 54 57 60 64 67 70 72 77 81 88
Carton53 4 18 25 27 30 35 41 47 49 51 63 67 68 75 85
Carton54 10 14 26 33 39 43 46 58 60 61 64 78 80 84 87
Carton55 1 7 11 28 29 32 34 44 56 63 65 70 73 75 86
Carton56 2 17 19 27 37 48 57 67 73 74 80 83 85 86 90
Carton57 9 11 16 19 29 39 48 50 60 68 73 75 85 86 90
Carton58 3 13 21 25 34 41 42 45 52 55 61 65 69 79 81
Carton59 2 6 18 23 25 37 42 57 58 60 65 67 75 87 88
Carton60 3 6 8 14 24 38 42 49 58 61 70 78 79 85 87
Carton61 7 16 18 23 26 35 40 41 45 52 56 70 77 80 83
Carton62 8 9 10 12 15 26 35 42 59 64 70 78 81 83 88
Carton63 4 17 30 31 36 39 50 60 65 68 69 72 87 88 89
Carton64 2 8 17 28 36 38 50 51 53 55 57 70 72 86 90
Carton65 3 15 16 18 24 30 34 36 49 52 56 60 68 74 81
Carton66 6 16 21 25 28 38 45 47 50 55 60 63 75 87 90
Carton67 5 8 12 13 14 15 23 31 46 58 67 72 78 80 89
Carton68 4 7 13 27 33 39 42 49 52 59 60 63 71 78 87
Carton69 4 13 25 27 30 31 47 56 61 66 69 72 73 85 87
Carton70 9 12 15 21 32 42 45 46 52 54 57 69 80 82 83
Carton71 2 4 12 22 27 35 49 55 59 60 62 73 74 80 81
Carton72 3 5 9 11 25 29 34 36 39 43 51 66 75 86 89
Carton73 10 11 13 27 29 36 49 52 57 69 70 78 79 88 89
Carton74 1 6 12 15 25 28 31 47 50 53 56 61 78 82 86
Carton75 3 19 23 26 32 41 57 58 63 66 69 74 84 85 88
Carton76 1 2 13 26 36 41 43 53 56 59 63 75 83 88 89
Carton77 7 14 21 32 38 42 47 53 55 62 79 83 86 87 90
Carton78 6 18 24 25 26 38 39 40 48 57 60 68 74 86 89
Carton79 5 7 19 23 29 36 45 46 53 64 67 80 81 84 90
Carton80 5 18 19 22 24 28 33 41 42 45 53 67 71 86 89
Carton81 3 9 16 21 24 29 34 38 40 45 54 61 72 84 86
Carton82 2 9 16 20 25 26 28 31 42 48 49 52 67 76 88
Carton83 1 10 20 21 36 49 53 54 63 66 74 77 80 83 84
Carton84 6 8 16 19 27 28 32 44 54 58 64 66 70 72 88
Carton85 2 14 21 32 34 37 46 48 51 55 65 76 78 79 84
Carton86 1 15 17 24 36 41 53 62 73 74 77 80 83 84 89
Carton87 7 20 22 31 39 44 45 47 54 62 66 75 76 85 88
Carton88 6 9 14 28 33 38 44 53 54 57 62 76 83 88 89
Carton89 6 8 11 14 21 26 28 40 44 53 56 70 73 82 87
Carton90 10 11 22 31 35 43 60 63 74 77 78 80 82 87 90
Carton91 1 3 17 18 22 32 36 40 49 58 63 69 70 79 82
Carton92 5 11 16 19 21 28 33 37 44 49 60 66 75 86 87
Carton93 7 20 24 28 34 47 50 53 55 56 64 70 79 86 88
Carton94 8 10 15 27 39 44 57 59 65 67 69 75 80 82 87
Carton95 9 12 14 16 22 31 48 58 60 65 68 72 74 87 88
Carton96 6 13 20 27 28 31 37 46 58 63 67 73 78 83 87
Carton97 4 8 10 19 27 31 47 51 56 59 61 72 85 88 90
Carton98 2 12 13 16 22 25 38 45 48 49 53 66 76 79 87
Carton99 6 8 9 13 14 23 40 42 43 58 60 65 79 84 90
Carton100 1 16 19 22 34 39 40 47 51 52 70 77 80 86 89
Carton101 5 17 19 21 30 33 37 42 57 64 67 70 73 85 87
Carton102 4 5 12 27 30 36 43 47 57 64 67 70 74 76 90
Carton103 5 8 19 20 23 34 40 42 44 59 61 62 71 76 83
Carton104 3 10 15 20 21 22 26 35 41 47 60 66 80 85 88
Carton105 6 12 17 27 37 40 48 49 52 59 65 67 79 80 81
Carton106 5 6 18 21 40 44 58 61 63 64 71 72 73 86 89
Carton107 5 7 8 16 24 26 33 47 52 55 62 63 71 78 85
Carton108 3 11 13 18 23 30 39 45 51 60 65 72 76 83 89
Carton109 5 12 18 26 34 38 44 53 59 62 67 74 77 80 84
Carton110 6 20 27 32 40 44 45 48 55 64 66 70 71 84 87
Carton111 3 6 13 14 26 29 32 41 59 63 74 79 85 86 88
Carton112 5 9 14 19 21 38 39 40 50 54 66 74 86 88 90
Carton113 6 11 30 32 34 36 43 47 56 66 68 75 76 81 87
Carton114 1 3 8 9 15 29 33 38 47 54 69 74 76 86 87
Carton115 6 9 11 26 33 41 49 52 53 64 71 77 78 87 89
Carton116 3 11 12 24 30 40 44 48 56 67 73 75 78 80 82
Carton117 1 6 15 21 27 28 34 43 45 52 58 62 74 81 86
Carton118 2 6 11 25 31 43 49 52 54 64 69 70 74 77 86
Carton119 2 11 19 20 26 29 33 39 49 57 67 69 77 84 86
Carton120 5 10 11 17 29 31 49 60 61 62 69 78 79 80 82
Carton121 4 5 20 23 29 33 34 35 41 56 65 70 78 85 90
Carton122 7 12 19 22 34 40 50 51 56 58 70 80 84 86 88
Carton123 4 14 15 22 25 34 37 39 44 57 68 72 83 84 85
Carton124 6 11 20 24 29 32 33 42 46 56 59 68 71 80 90
Carton125 4 16 26 27 33 39 40 41 50 53 62 71 73 77 82
Carton126 1 3 9 16 28 31 32 42 45 51 58 64 77 80 86
Carton127 6 13 14 17 30 35 38 50 51 62 74 83 85 86 90
Carton128 9 20 23 28 32 33 45 46 49 51 58 66 68 80 87
Carton129 3 5 12 13 23 35 38 41 46 57 64 73 75 85 86
Carton130 1 20 25 26 36 48 50 54 60 62 66 79 84 86 88
Carton131 8 9 16 28 37 39 42 49 54 60 66 67 72 84 87
Carton132 4 5 11 26 27 31 39 41 44 51 54 70 77 82 89
Carton133 3 4 16 22 23 31 33 49 50 53 62 65 75 78 82
Carton134 1 3 7 8 13 15 26 35 36 39 42 52 69 78 90
Carton135 2 3 8 12 14 15 25 29 34 42 54 68 71 85 86
Carton136 10 12 15 18 22 23 24 28 34 46 56 60 63 72 90
Carton137 1 3 14 16 17 22 33 35 42 52 57 59 62 74 85
Carton138 2 9 14 16 25 29 33 40 43 53 62 65 72 77 82
Carton139 3 10 12 24 29 34 38 43 49 60 65 67 75 76 82
Carton140 2 3 13 14 26 37 38 46 54 58 64 66 73 84 86
Carton141 5 12 19 28 33 36 40 44 49 60 62 64 69 71 82
Carton142 8 16 18 20 24 25 36 45 60 63 70 73 80 85 87
Carton143 5 6 14 25 28 29 32 44 48 51 54 64 74 79 87
Carton144 5 12 13 20 21 22 30 33 47 55 58 63 69 80 82
Carton145 1 8 10 11 19 20 25 36 38 49 52 56 67 80 86
Carton146 10 11 12 18 29 36 39 43 47 49 51 55 65 80 88
Carton147 5 15 18 21 31 40 46 60 61 69 71 73 74 80 88
Carton148 6 17 19 20 30 32 37 42 55 60 61 65 74 82 89
Carton149 6 11 21 28 29 37 41 44 53 54 61 72 78 83 89
Carton150 5 8 13 14 15 29 35 40 44 53 58 64 77 83 85
Carton151 3 7 11 12 14 18 22 32 33 49 60 61 71 79 87
Carton152 6 9 14 29 30 31 34 35 42 57 59 62 73 88 89
Carton153 6 15 26 34 38 49 56 58 59 60 67 74 77 83 88
Carton154 6 9 11 17 20 24 33 46 53 59 69 75 77 79 85
Carton155 1 7 11 28 39 40 49 52 62 64 73 74 76 80 84
Carton156 6 12 26 34 38 41 48 56 61 62 68 72 73 86 88
Carton157 2 18 26 27 39 49 51 56 60 69 70 76 79 86 89
Carton158 7 11 12 18 26 31 43 56 59 60 61 63 80 84 90
Carton159 4 13 27 37 42 46 50 54 66 68 70 72 78 82 87
Carton160 3 12 20 24 29 32 38 45 60 64 65 77 82 84 87
Carton161 8 12 16 26 29 40 41 43 54 58 61 64 73 80 84
Carton162 8 17 27 29 30 31 33 34 41 55 62 74 78 82 88
Carton163 6 7 19 20 25 29 35 48 51 59 70 73 76 79 83
Carton164 5 11 12 19 22 33 34 46 49 59 63 72 74 89 90
Carton165 2 4 20 24 35 36 44 46 49 52 55 63 68 75 81
Carton166 4 12 23 30 35 38 39 48 56 61 71 79 80 84 85
Carton167 1 3 17 19 22 24 30 32 40 47 57 59 66 73 86
Carton168 2 9 12 16 18 21 38 46 55 59 63 65 70 75 90
Carton169 8 15 20 30 31 40 42 44 48 53 57 69 70 76 81
Carton170 10 16 20 28 32 37 49 54 57 61 65 69 74 76 89
Carton171 8 15 17 23 27 40 49 53 59 61 70 73 79 83 84
Carton172 3 7 11 27 28 31 33 39 44 46 51 53 64 80 83
Carton173 3 8 11 17 30 34 46 58 59 67 69 77 79 85 90
Carton174 10 19 23 27 31 37 38 49 50 52 54 65 67 79 89
Carton175 5 11 12 17 22 38 50 55 63 64 67 74 75 78 87
Carton176 2 12 18 20 29 35 37 40 46 47 60 69 71 80 84
Carton177 1 18 23 32 33 40 50 57 61 66 68 72 78 85 89
Carton178 1 2 11 27 32 41 42 43 46 53 55 63 74 76 84
Carton179 5 19 22 24 32 38 42 51 57 62 64 73 76 89 90
Carton180 6 13 19 22 23 28 35 38 40 48 50 53 62 80 82
Carton181 4 11 13 26 27 31 39 43 46 53 70 76 78 89 90
Carton182 9 13 21 28 29 37 41 42 55 62 70 71 76 84 89
Carton183 4 5 9 10 13 23 34 48 52 57 67 71 75 82 88
Carton184 4 5 6 9 13 17 19 30 35 37 41 55 67 72 88
Carton185 6 9 16 22 24 28 37 42 56 59 64 80 81 83 86
Carton186 3 4 12 23 32 34 41 55 61 65 69 76 80 81 88
Carton187 2 10 16 17 26 28 32 48 52 55 57 58 63 78 90
Carton188 10 14 19 28 30 35 45 52 61 64 65 69 76 81 83
Carton189 1 7 17 26 35 36 43 46 57 58 59 70 79 86 88
Carton190 10 16 19 24 39 41 47 54 56 57 60 70 77 83 87
Carton191 4 16 17 23 32 33 46 48 50 59 66 67 75 83 89
Carton192 8 17 21 23 31 41 48 54 65 76 80 81 83 88 90
Carton193 7 12 16 26 35 42 44 50 54 62 71 72 79 80 81
Carton194 5 11 26 27 36 42 46 47 57 66 72 80 82 88 89
Carton195 9 13 16 21 26 29 31 47 59 61 72 73 80 81 87
Carton196 2 11 12 15 23 29 36 37 38 40 45 58 62 76 89
Carton197 1 4 18 19 23 35 46 52 53 59 61 62 72 76 84
Carton198 3 10 14 19 21 24 31 42 54 57 60 65 78 81 86
Carton199 1 3 15 24 27 34 44 56 59 63 68 70 74 82 87
Carton200 1 13 14 21 33 35 41 44 57 66 69 76 82 83 86
Carton201 4 8 11 20 25 26 30 36 42 51 65 77 78 82 85
Carton202 6 15 16 20 25 33 46 48 51 63 64 71 74 77 89
Carton203 2 5 11 18 30 35 41 43 47 52 60 70 76 82 89
Carton204 2 14 15 21 23 25 31 36 47 54 56 70 77 84 86
Carton205 3 5 12 18 23 39 41 42 49 52 63 68 78 80 84
Carton206 4 11 17 22 29 39 46 54 55 64 69 78 79 82 89
Carton207 2 8 15 26 29 31 32 37 44 47 54 67 71 83 88
Carton208 8 15 20 21 22 28 38 48 53 57 67 70 73 88 90
Carton209 4 7 14 25 35 46 54 58 60 67 75 77 84 86 90
Carton210 6 9 13 19 27 33 35 42 43 60 61 62 68 77 82
Carton211 4 10 11 13 16 29 38 39 40 50 51 53 64 78 90
Carton212 7 11 21 24 40 41 42 50 52 55 61 73 76 77 82
Carton213 2 10 19 21 26 27 33 46 47 52 61 70 79 81 89
Carton214 1 18 22 27 36 44 60 66 67 68 73 80 85 88 90
Carton215 10 12 18 19 23 39 44 51 54 57 61 66 79 83 90
Carton216 1 7 9 11 18 25 31 38 44 53 57 64 72 79 81
Carton217 5 7 15 23 25 38 41 43 53 55 66 74 75 82 85
Carton218 7 14 15 17 22 27 32 47 50 54 60 62 68 73 84
Carton219 5 8 16 21 22 24 25 38 40 46 47 58 62 76 84
Carton220 9 19 26 32 43 51 54 55 65 69 75 76 83 89 90
Carton221 10 15 17 24 27 35 36 40 46 50 53 66 69 72 83
Carton222 2 4 10 11 15 23 38 42 43 53 54 56 61 75 89
Carton223 10 16 17 22 23 34 44 50 54 58 66 71 76 82 83
Carton224 2 8 9 10 11 30 39 42 45 51 55 67 68 76 82
Carton225 1 2 7 12 14 16 22 32 37 41 60 61 62 72 83
Carton226 7 12 15 17 20 27 29 32 43 48 53 67 79 81 87
Carton227 9 14 20 22 37 39 41 43 45 57 60 70 75 89 90
Carton228 7 13 15 18 28 31 32 40 42 52 53 68 72 81 85
Carton229 3 7 14 29 40 42 48 53 57 61 63 66 72 79 82
Carton230 6 13 16 26 33 41 48 58 60 62 63 67 71 81 87
Carton231 6 9 10 12 22 33 39 41 47 58 64 69 77 82 88
Carton232 4 16 17 27 33 39 41 45 55 60 62 68 72 75 86
Carton233 9 17 21 31 32 35 38 39 42 54 65 71 73 87 89
Carton234 7 17 24 34 35 36 42 49 50 60 67 68 73 87 89
Carton235 8 11 28 32 47 49 50 52 63 65 77 79 82 88 89
Carton236 9 15 28 34 43 48 49 50 55 65 66 70 73 78 89
Carton237 7 8 11 22 36 39 46 47 52 53 66 73 78 83 84
Carton238 4 9 14 20 25 26 34 37 39 41 58 70 76 80 86
Carton239 2 12 14 24 34 35 37 46 58 60 62 75 80 89 90
Carton240 10 15 19 21 37 48 49 52 62 71 76 78 81 83 90
Carton241 4 12 14 21 38 41 42 50 58 61 62 64 72 82 84
Carton242 2 4 15 17 26 38 41 44 53 65 68 70 78 81 86
Carton243 9 15 23 35 37 43 44 55 60 65 69 73 84 85 87
Carton244 10 14 20 21 23 34 46 50 56 57 64 67 75 76 84
Carton245 8 10 11 13 22 37 43 47 49 58 69 70 74 77 84
Carton246 1 4 5 7 8 15 19 21 36 50 54 65 76 84 87
Carton247 6 8 11 27 38 39 47 60 68 73 74 75 76 82 85
Carton248 1 3 8 19 22 34 35 36 50 56 58 64 74 82 87
Carton249 3 6 18 28 32 35 44 56 65 68 71 74 76 83 89
Carton250 1 5 19 25 34 38 49 51 62 70 76 77 81 84 86
Carton251 1 8 15 26 36 42 43 49 59 60 65 68 76 78 85
Carton252 4 12 13 24 33 34 45 50 52 68 76 80 84 85 90
Carton253 3 8 14 17 27 33 36 38 44 57 61 62 80 84 86
Carton254 7 14 22 27 28 30 36 48 49 55 58 62 68 75 90
Carton255 10 11 13 18 24 26 39 41 58 62 66 70 71 73 89
Carton256 1 11 15 21 26 27 31 43 59 65 75 80 87 88 90
Carton257 8 17 19 29 38 39 40 43 52 62 63 64 71 80 86
Carton258 9 18 26 31 50 52 56 63 66 69 76 80 81 82 83
Carton259 5 13 16 18 24 25 31 44 56 58 66 72 78 82 90
Carton260 2 4 12 28 36 44 55 64 65 69 75 76 78 84 88
Carton261 1 6 13 23 29 36 40 50 52 59 66 70 77 79 84
Carton262 10 11 20 27 28 32 38 39 44 58 61 67 70 79 89
Carton263 5 10 12 18 26 31 33 44 48 56 57 65 75 79 86
Carton264 6 10 15 28 38 42 51 54 56 62 65 79 80 83 86
Carton265 9 13 15 17 20 24 35 44 46 53 58 70 77 80 85
Carton266 1 11 14 30 34 36 38 49 50 56 61 75 79 81 85
Carton267 4 5 16 25 30 37 41 60 64 65 66 70 72 74 83
Carton268 1 11 20 25 27 35 37 41 56 59 66 72 80 82 88
Carton269 4 10 19 21 26 35 36 43 60 61 64 70 77 84 89
Carton270 5 17 19 22 31 42 47 54 59 70 72 73 78 84 86
Carton271 1 17 19 20 25 33 42 50 54 60 61 68 76 88 90
Carton272 7 10 19 24 29 33 42 49 53 59 62 65 77 85 90
Carton273 1 3 11 16 19 22 40 43 48 54 58 68 75 84 88
Carton274 1 8 10 13 23 36 50 56 57 60 69 71 73 80 85
Carton275 3 17 19 22 34 47 49 52 56 57 66 69 73 74 87
Carton276 6 14 27 35 39 50 52 54 58 60 64 77 83 84 90
Carton277 6 7 11 16 24 37 43 56 59 61 64 70 72 88 89
Carton278 2 9 14 28 37 48 55 58 59 62 71 74 78 84 90
Carton279 8 11 15 20 22 33 41 43 53 54 63 69 74 76 86
Carton280 4 9 11 12 24 28 35 41 42 48 57 60 68 77 86
Carton281 2 3 14 24 26 40 43 44 52 55 64 66 78 79 90
Carton282 6 12 13 24 27 29 38 43 45 52 61 65 73 79 81
Carton283 1 3 11 24 28 29 31 34 37 49 53 55 68 77 84
Carton284 9 12 13 26 27 30 32 47 50 53 56 66 74 78 81
Carton285 6 7 10 17 23 24 30 31 44 52 56 68 72 77 89
Carton286 4 12 24 29 37 45 46 56 58 65 71 74 75 82 87
Carton287 8 13 20 21 26 34 44 51 57 65 74 83 88 89 90
Carton288 1 20 21 22 34 35 44 53 55 62 65 67 80 82 88
Carton289 8 10 15 17 20 28 37 38 45 53 55 61 67 78 82
Carton290 5 6 14 26 31 34 41 42 47 51 53 67 69 72 82
Carton291 3 5 14 18 28 35 36 38 43 52 58 69 72 82 90
Carton292 10 11 26 27 31 38 43 49 50 54 55 61 68 72 89
Carton293 1 3 11 21 35 37 48 58 65 70 74 79 84 85 89
Carton294 6 11 29 33 34 49 50 51 52 55 63 65 69 74 86
Carton295 4 6 15 19 22 35 41 51 64 66 71 72 79 81 89
Carton296 1 13 19 23 34 40 43 46 59 68 70 71 73 83 87
Carton297 9 11 16 17 22 33 42 45 52 55 67 71 84 86 87
Carton298 6 14 21 23 39 42 43 51 52 53 65 70 71 82 89
Carton299 2 15 30 31 38 43 47 50 57 59 61 67 76 82 86
Carton300 2 4 11 12 21 26 29 34 46 55 65 73 74 80 87
Carton301 1 4 19 21 35 49 57 60 68 69 72 73 76 86 90
Carton302 5 7 12 19 22 32 45 46 53 56 61 69 76 79 83
Carton303 2 10 16 17 29 30 33 50 53 54 65 66 72 79 90
Carton304 1 16 21 22 36 44 59 64 69 71 73 76 83 86 88
Carton305 1 17 29 33 36 37 43 45 55 62 66 76 77 82 83
Carton306 6 7 12 23 31 37 41 50 58 61 62 63 75 81 89
Carton307 3 11 17 21 33 41 43 52 53 57 66 72 73 81 83
Carton308 1 4 11 12 23 28 39 40 50 59 65 72 76 79 83
Carton309 5 18 25 31 35 38 48 51 59 64 68 70 71 75 87
Carton310 3 4 12 16 22 37 38 43 54 64 67 69 72 86 90
Carton311 1 6 15 17 28 35 49 53 55 67 68 75 80 82 85
Carton312 5 11 18 21 23 26 40 41 49 52 58 61 63 75 89
Carton313 1 2 7 12 23 29 37 41 44 53 55 61 65 76 90
Carton314 1 2 12 13 19 20 27 32 39 49 51 53 63 71 86
Carton315 1 3 8 10 14 28 37 45 47 54 56 67 78 79 84
Carton316 1 9 20 24 30 31 36 44 46 53 65 74 80 83 87
Carton317 2 4 15 19 22 25 34 41 47 54 56 69 71 87 90
Carton318 3 6 15 17 23 30 39 47 50 52 57 70 74 80 84
Carton319 6 15 25 28 29 36 40 41 42 47 55 63 71 82 85
Carton320 8 18 21 24 27 32 42 57 59 64 73 77 78 83 87
Carton321 6 13 23 29 39 43 47 50 56 62 70 76 83 84 85
Carton322 1 4 10 16 22 33 46 51 55 66 69 73 81 86 87
Carton323 2 9 20 28 29 34 36 39 46 48 58 62 80 81 84
Carton324 9 20 23 26 38 41 55 57 62 64 66 78 81 86 87
Carton325 4 9 10 17 30 32 34 35 49 51 66 77 78 84 89
Carton326 4 8 10 13 19 26 30 38 39 41 52 57 66 75 88
Carton327 1 8 10 15 24 31 32 37 42 50 51 67 76 77 81
Carton328 2 10 13 19 22 36 40 49 51 55 64 69 76 81 86
Carton329 10 14 24 32 33 34 39 42 46 56 61 67 76 80 89
Carton330 6 11 23 39 44 45 54 57 59 63 66 71 75 87 90
Carton331 6 19 22 33 42 45 59 66 69 73 80 81 84 85 88
Carton332 1 2 4 11 23 33 45 46 51 57 58 62 67 79 85
Carton333 5 6 20 21 29 35 41 42 54 64 65 67 69 71 87
Carton334 6 12 18 22 23 25 39 42 47 48 60 62 73 76 85
Carton335 5 14 26 28 29 31 45 53 62 63 74 78 83 85 88
Carton336 6 7 9 16 19 22 33 35 41 44 53 65 69 76 85
Carton337 5 16 28 29 31 36 41 45 51 62 66 70 80 87 88
Carton338 4 6 10 16 22 35 42 49 50 58 63 66 72 81 89
Carton339 3 7 15 19 24 32 33 38 49 52 66 76 78 83 84
Carton340 4 5 11 26 37 40 48 54 58 67 76 77 82 84 87
Carton341 2 8 10 15 27 29 37 40 45 53 57 62 78 82 90
Carton342 1 5 14 19 21 38 42 57 58 64 66 74 75 78 84
Carton343 9 13 20 23 24 30 40 43 45 59 63 69 77 85 90
Carton344 5 11 13 21 29 30 33 45 55 56 59 68 75 84 87
Carton345 9 19 22 28 30 31 32 40 43 54 55 62 76 81 89
Carton346 5 7 12 27 35 45 49 50 57 58 62 68 71 73 86
Carton347 5 12 26 30 32 44 46 53 56 64 73 75 79 85 86
Carton348 5 12 20 26 35 40 42 44 56 60 67 71 74 83 89
Carton349 8 10 14 24 25 34 38 44 50 56 67 73 79 85 89
Carton350 7 12 14 17 26 28 32 40 46 59 61 78 79 86 87
Carton351 8 15 18 21 22 34 40 43 45 51 65 70 80 82 83
Carton352 1 3 13 14 25 28 29 34 36 41 54 70 79 80 83
Carton353 7 10 11 26 30 37 42 47 58 66 71 73 77 81 88
Carton354 4 17 25 26 31 36 38 49 57 67 68 76 80 83 85
Carton355 7 11 18 23 37 44 50 52 54 55 61 72 78 80 88
Carton356 9 16 20 25 26 30 32 41 46 48 51 59 67 72 90
Carton357 2 17 18 27 34 50 54 56 60 62 67 73 85 88 90
Carton358 1 5 10 11 13 23 28 38 47 53 61 69 72 82 84
Carton359 1 9 20 25 39 41 42 44 46 47 52 63 79 82 83
Carton360 9 11 19 22 33 34 49 55 57 59 65 72 75 82 83
Carton361 1 5 7 11 12 30 36 39 44 46 53 62 64 74 87
Carton362 4 5 6 7 17 22 31 37 43 49 53 65 73 83 86
Carton363 1 6 9 15 23 30 32 35 47 48 55 68 80 81 87
Carton364 2 4 20 21 33 38 41 42 44 54 62 68 79 81 87
Carton365 7 11 19 21 26 27 32 35 46 58 62 64 73 78 86
Carton366 7 8 11 27 36 38 42 56 60 62 66 77 82 84 85
Carton367 2 8 17 23 31 34 47 48 55 64 68 73 82 83 84
Carton368 4 5 12 28 38 45 47 50 53 54 63 76 80 82 86
Carton369 3 4 16 19 22 32 39 41 43 44 59 61 72 81 82
Carton370 2 15 21 27 35 36 37 43 44 56 69 76 84 86 89
Carton371 2 11 14 21 36 47 49 51 52 54 65 76 79 81 82
Carton372 9 12 24 26 30 36 37 43 48 50 52 62 73 82 87
Carton373 1 2 20 21 32 33 42 52 54 60 67 75 82 86 90
Carton374 7 14 15 23 24 38 45 47 49 56 64 65 71 84 85
Carton375 5 8 14 24 34 37 46 59 61 69 74 75 79 84 89
Carton376 10 16 17 25 40 47 48 54 55 58 60 65 77 80 90
Carton377 3 9 15 22 28 35 38 41 45 50 55 70 77 78 90
Carton378 8 12 30 35 43 48 49 58 68 75 77 80 84 88 90
Carton379 5 8 10 11 14 24 33 50 58 60 67 69 75 84 90
Carton380 10 14 15 24 37 47 49 55 67 70 75 76 78 83 86
Carton381 5 10 16 23 36 37 39 41 48 52 55 68 73 79 81
Carton382 3 16 20 23 25 26 35 37 49 55 59 67 75 81 86
Carton383 9 14 24 26 29 30 36 40 48 54 57 66 69 78 88
Carton384 4 7 10 16 22 28 29 33 36 47 51 66 69 73 85
Carton385 4 13 21 22 26 33 36 46 49 54 61 62 73 82 83
Carton386 3 5 19 21 25 27 40 48 54 60 62 65 67 79 90
Carton387 3 9 18 27 40 41 47 51 58 64 65 70 79 81 84
Carton388 6 11 16 27 36 38 45 55 61 63 66 71 76 79 90
Carton389 3 13 17 26 35 42 56 57 58 60 67 76 78 86 88
Carton390 1 16 18 19 28 34 46 49 56 64 66 70 74 76 81
Carton391 5 12 17 27 35 38 46 59 65 69 74 76 77 85 88
Carton392 1 10 12 15 20 30 36 37 42 47 50 51 63 75 90
Carton393 2 5 6 14 29 30 33 36 41 46 56 58 64 77 83
Carton394 2 11 13 17 26 34 44 46 49 55 59 68 78 83 85
Carton395 6 10 19 28 35 37 40 50 59 61 66 76 82 86 89
Carton396 5 11 14 15 23 26 37 39 40 46 58 66 69 78 89
Carton397 3 16 21 25 27 30 36 37 46 54 69 71 73 82 90
Carton398 8 17 28 34 36 39 43 45 48 57 63 64 65 76 87
Carton399 4 14 26 28 30 32 41 43 53 55 70 73 83 84 89
Carton400 3 14 17 21 28 29 34 36 41 42 56 57 61 80 85
